[COMPONENTS]
index1=0
index2=42
index3=3
index11=524
index4=27
index10=0
index5=86
index6=134
index7=11
index8=3
index9=0
index0=0
[COMPONENTS_TEXTURES]
index10=0
index5=9
index7=3
index1=0
index2=0
index3=0
index11=0
index4=0
index6=0
index8=0
index9=0
index0=0
[PROPERTIES]
index1=-1
index2=-1
index0=58
index6=-1
index7=-1
[PROPERTIES_TEXTURES]
index2=-1
index7=-1
index1=-1
index0=0
index6=-1
[MODEL]
index0=2627665880
[STATS]
index1=47
index2=2
index3=0
index4=0
index0=1
[HEAD_BLEND]
index10=0.000000
index5=0
index0=18
index1=63
index2=6
index3=31
index11=0.000000
index4=12
index6=31
index7=12
index8=0
index9=0.000000
[HEAD_OVERLAYS]
index25=0
index59=0
index28=1.000000
index45=0
index3=255
index40=0
index6=255
index8=0
index27=0.000000
index9=255
index12=255
index41=1
index7=255
index36=0.000000
index11=255
index42=0
index4=5
index21=7
index47=2
index1=255
index44=2
index2=2
index10=255
index43=0
index5=0
index13=0
index14=0
index15=56
index16=0
index17=0
index18=2
index19=0
index20=0
index22=0
index23=0
index24=0
index26=1.000000
index29=1.000000
index30=1.000000
index31=1.000000
index32=1.000000
index33=1.000000
index34=0.993056
index35=1.000000
index37=1.000000
index38=1.000000
index39=0
index0=255
index46=0
index48=0
index49=0
index50=0
index51=0
index52=0
index53=0
index54=56
index55=0
index56=0
index57=8
index58=0
index60=7
index61=0
index62=0
index63=0
index64=0
[FACE_FEATURES]
index0=-0.994271
index1=0.978306
index14=-0.992593
index18=1.000000
index4=-0.450266
index2=0.955208
index3=0.951851
index5=0.004687
index6=-0.728043
index7=-0.186979
index8=-0.661905
index9=0.620313
index10=-0.303125
index11=0.994271
index12=-0.997917
index13=-0.994271
index15=-0.966138
index16=-0.525521
index17=-0.958855
index19=-1.000000
