[COMPONENTS]
index1=183
index2=81
index3=110
index11=121
index4=97
index10=11
index5=40
index6=114
index7=148
index8=183
index9=15
index0=44
[COMPONENTS_TEXTURES]
index10=0
index5=0
index7=11
index1=0
index2=0
index3=8
index11=11
index4=18
index6=20
index8=1
index9=1
index0=0
[PROPERTIES]
index1=41
index2=-1
index0=39
index6=-1
index7=-1
[PROPERTIES_TEXTURES]
index2=-1
index7=-1
index1=6
index0=4
index6=-1
[MODEL]
index0=1885233650
[STATS]
index1=54
index2=16
index3=0
index4=0
index0=0
[HEAD_BLEND]
index10=0.793277
index5=0
index0=3
index1=0
index2=1
index3=21
index11=0.000000
index4=2
index6=21
index7=2
index8=0
index9=0.647818
[HEAD_OVERLAYS]
index25=0
index59=0
index28=1.000000
index45=0
index3=255
index40=1
index6=255
index8=0
index27=1.000000
index9=255
index12=255
index41=1
index7=255
index36=1.000000
index11=255
index42=0
index4=255
index21=7
index47=2
index1=3
index44=0
index2=30
index10=17
index43=0
index5=255
index13=0
index14=0
index15=26
index16=0
index17=0
index18=0
index19=0
index20=0
index22=0
index23=0
index24=0
index26=1.000000
index29=1.000000
index30=0.500000
index31=0.000000
index32=1.000000
index33=1.000000
index34=0.500000
index35=1.000000
index37=1.000000
index38=1.000000
index39=0
index0=255
index46=0
index48=0
index49=1
index50=0
index51=0
index52=0
index53=0
index54=26
index55=0
index56=0
index57=0
index58=0
index60=7
index61=0
index62=0
index63=0
index64=0
[FACE_FEATURES]
index0=-0.330208
index1=0.264020
index14=-0.992593
index18=0.003704
index4=-0.040212
index2=0.200000
index3=0.396296
index5=0.004687
index6=-0.728043
index7=-0.200000
index8=-0.675133
index9=0.997917
index10=-0.997917
index11=0.955208
index12=-0.698438
index13=-0.239062
index15=-0.066667
index16=0.229688
index17=0.486458
index19=0.464896
