[COMPONENTS]
index1=221
index2=53
index3=15
index11=260
index4=61
index10=0
index5=0
index6=58
index7=2
index8=159
index9=0
index0=0
[COMPONENTS_TEXTURES]
index10=0
index5=0
index7=1
index1=0
index2=0
index3=0
index11=0
index4=5
index6=3
index8=0
index9=0
index0=0
[PROPERTIES]
index1=-1
index2=-1
index0=0
index6=-1
index7=-1
[PROPERTIES_TEXTURES]
index2=-1
index7=-1
index1=-1
index0=0
index6=-1
[MODEL]
index0=2627665880
[STATS]
index1=47
index2=17
index3=0
index4=0
index0=0
[HEAD_BLEND]
index10=0.209923
index5=0
index0=12
index1=26
index2=0
index3=31
index11=0.000000
index4=12
index6=31
index7=12
index8=0
index9=0.050000
[HEAD_OVERLAYS]
index25=0
index59=0
index28=1.000000
index45=0
index3=255
index40=1
index6=10
index8=0
index27=0.000000
index9=255
index12=255
index41=1
index7=255
index36=0.000000
index11=255
index42=0
index4=55
index21=56
index47=2
index1=255
index44=2
index2=5
index10=255
index43=0
index5=255
index13=0
index14=55
index15=1
index16=0
index17=0
index18=8
index19=0
index20=0
index22=0
index23=0
index24=0
index26=1.000000
index29=1.000000
index30=1.000000
index31=0.670635
index32=0.206845
index33=1.000000
index34=1.000000
index35=1.000000
index37=1.000000
index38=1.000000
index39=0
index0=255
index46=0
index48=0
index49=1
index50=0
index51=0
index52=0
index53=55
index54=1
index55=0
index56=0
index57=8
index58=0
index60=56
index61=0
index62=0
index63=0
index64=0
[FACE_FEATURES]
index0=-0.670577
index1=0.654861
index14=-0.992593
index18=0.080554
index4=-0.146334
index2=0.643842
index3=0.831395
index5=0.015574
index6=-0.608040
index7=0.118100
index8=-0.988268
index9=-0.991394
index10=-0.986981
index11=0.309657
index12=-0.652795
index13=-0.994271
index15=-0.146334
index16=-0.844353
index17=-0.331978
index19=0.110000
