[COMPONENTS]
index1=0
index2=53
index3=5
index11=8
index4=159
index10=0
index5=0
index6=9
index7=7
index8=11
index9=0
index0=0
[COMPONENTS_TEXTURES]
index10=0
index5=0
index7=1
index1=0
index2=0
index3=0
index11=2
index4=0
index6=0
index8=15
index9=0
index0=0
[PROPERTIES]
index1=-1
index2=15
index0=-1
index6=5
index7=21
[PROPERTIES_TEXTURES]
index2=0
index7=2
index1=-1
index0=-1
index6=0
[MODEL]
index0=2627665880
[STATS]
index1=47
index2=6
index3=0
index4=5
index0=0
[HEAD_BLEND]
index10=0.661755
index5=0
index0=6
index1=29
index2=29
index3=45
index11=0.000000
index4=6
index6=45
index7=6
index8=0
index9=0.483737
[HEAD_OVERLAYS]
index25=0
index59=0
index28=1.000000
index45=0
index3=255
index40=0
index6=255
index8=1
index27=0.000000
index9=255
index12=255
index41=1
index7=255
index36=0.000000
index11=255
index42=0
index4=5
index21=6
index47=2
index1=255
index44=2
index2=2
index10=255
index43=0
index5=0
index13=0
index14=0
index15=4
index16=0
index17=0
index18=7
index19=0
index20=0
index22=0
index23=0
index24=0
index26=1.000000
index29=1.000000
index30=0.745000
index31=0.660000
index32=1.000000
index33=1.000000
index34=0.660000
index35=1.000000
index37=1.000000
index38=1.000000
index39=0
index0=255
index46=0
index48=0
index49=0
index50=0
index51=0
index52=0
index53=0
index54=4
index55=0
index56=0
index57=8
index58=0
index60=7
index61=0
index62=0
index63=0
index64=0
[FACE_FEATURES]
index0=0.000000
index1=0.000000
index14=-1.000000
index18=0.500000
index4=0.228346
index2=0.615748
index3=0.173228
index5=0.000000
index6=0.200000
index7=0.584252
index8=0.220315
index9=-0.323024
index10=-0.809449
index11=-1.000000
index12=-1.000000
index13=-1.000000
index15=-0.620472
index16=0.541732
index17=-0.700000
index19=0.500000
