[COMPONENTS]
index1=126
index2=66
index3=96
index11=252
index4=33
index10=0
index5=0
index6=57
index7=0
index8=58
index9=0
index0=0
[COMPONENTS_TEXTURES]
index10=0
index5=0
index7=0
index1=0
index2=0
index3=0
index11=0
index4=0
index6=10
index8=0
index9=0
index0=0
[PROPERTIES]
index1=25
index2=0
index0=89
index6=-1
index7=-1
[PROPERTIES_TEXTURES]
index2=0
index7=-1
index1=4
index0=0
index6=-1
[MODEL]
index0=1885233650
[STATS]
index1=0
index2=0
index3=3
index4=0
index0=0
[HEAD_BLEND]
index10=0.840000
index5=0
index0=8
index1=57
index2=4
index3=0
index11=0.000000
index4=0
index6=34
index7=8
index8=0
index9=0.000000
[HEAD_OVERLAYS]
index25=0
index59=0
index28=1.000000
index45=0
index3=255
index40=1
index6=255
index8=255
index27=1.000000
index9=255
index12=255
index41=1
index7=255
index36=1.000000
index11=255
index42=0
index4=255
index21=0
index47=2
index1=18
index44=0
index2=0
index10=255
index43=0
index5=255
index13=0
index14=57
index15=57
index16=0
index17=0
index18=0
index19=0
index20=0
index22=0
index23=0
index24=0
index26=0.908633
index29=0.810583
index30=0.000000
index31=0.000000
index32=0.455784
index33=0.922543
index34=0.000000
index35=0.244091
index37=1.000000
index38=1.000000
index39=0
index0=255
index46=0
index48=0
index49=1
index50=0
index51=0
index52=0
index53=57
index54=57
index55=0
index56=0
index57=0
index58=0
index60=0
index61=0
index62=0
index63=0
index64=0
[FACE_FEATURES]
index0=0.000000
index1=0.000000
index14=0.000000
index18=0.000000
index4=0.000000
index2=0.000000
index3=0.000000
index5=0.000000
index6=0.000000
index7=0.000000
index8=0.000000
index9=0.000000
index10=0.000000
index11=0.000000
index12=0.000000
index13=0.000000
index15=0.000000
index16=0.000000
index17=0.000000
index19=0.000000
