[COMPONENTS]
index1=0
index2=55
index3=11
index11=208
index4=12
index10=0
index5=0
index6=19
index7=0
index8=2
index9=0
index0=0
[COMPONENTS_TEXTURES]
index10=0
index5=0
index7=0
index1=0
index2=0
index3=0
index11=13
index4=6
index6=7
index8=0
index9=0
index0=0
[PROPERTIES]
index1=40
index2=15
index0=-1
index6=4
index7=10
[PROPERTIES_TEXTURES]
index2=0
index7=0
index1=0
index0=-1
index6=2
[MODEL]
index0=2627665880
[STATS]
index1=47
index2=0
index3=0
index4=1
index0=1
[HEAD_BLEND]
index10=0.526181
index5=0
index0=1
index1=19
index2=34
index3=21
index11=0.000000
index4=6
index6=21
index7=6
index8=0
index9=0.050000
[HEAD_OVERLAYS]
index25=0
index59=0
index28=1.000000
index45=0
index3=255
index40=1
index6=10
index8=1
index27=0.000000
index9=8
index12=255
index41=1
index7=255
index36=0.000000
index11=12
index42=0
index4=0
index21=0
index47=2
index1=255
index44=2
index2=2
index10=255
index43=0
index5=0
index13=0
index14=1
index15=3
index16=0
index17=0
index18=11
index19=0
index20=0
index22=0
index23=0
index24=0
index26=1.000000
index29=1.000000
index30=1.000000
index31=0.250000
index32=1.000000
index33=1.000000
index34=0.957500
index35=0.469742
index37=1.000000
index38=1.000000
index39=0
index0=255
index46=0
index48=0
index49=1
index50=0
index51=0
index52=0
index53=2
index54=3
index55=0
index56=0
index57=11
index58=0
index60=1
index61=0
index62=0
index63=0
index64=0
[FACE_FEATURES]
index0=-0.421354
index1=0.316931
index14=-0.847090
index18=0.500000
index4=-0.159259
index2=0.929167
index3=0.330158
index5=0.004687
index6=0.224338
index7=0.008334
index8=-0.146032
index9=0.086459
index10=-0.359896
index11=0.226041
index12=-0.997917
index13=-0.004687
index15=-0.847090
index16=0.307813
index17=0.000000
index19=0.209545
