[COMPONENTS]
index1=126
index2=53
index3=42
index11=322
index4=31
index10=70
index5=82
index6=24
index7=146
index8=153
index9=17
index0=0
[COMPONENTS_TEXTURES]
index10=1
index5=0
index7=12
index1=0
index2=0
index3=0
index11=0
index4=0
index6=0
index8=0
index9=9
index0=0
[PROPERTIES]
index1=-1
index2=-1
index0=59
index6=-1
index7=-1
[PROPERTIES_TEXTURES]
index2=-1
index7=-1
index1=-1
index0=9
index6=-1
[MODEL]
index0=1885233650
[STATS]
index1=54
index2=16
index3=0
index4=0
index0=0
[HEAD_BLEND]
index10=0.000000
index5=0
index0=3
index1=8
index2=9
index3=0
index11=0.000000
index4=0
index6=21
index7=12
index8=0
index9=0.000000
[HEAD_OVERLAYS]
index25=0
index59=0
index28=1.000000
index45=0
index3=255
index40=1
index6=255
index8=255
index27=1.000000
index9=6
index12=255
index41=1
index7=255
index36=1.000000
index11=4
index42=0
index4=255
index21=0
index47=2
index1=255
index44=0
index2=2
index10=0
index43=0
index5=255
index13=0
index14=8
index15=5
index16=0
index17=0
index18=0
index19=0
index20=0
index22=0
index23=0
index24=0
index26=1.000000
index29=1.000000
index30=0.500000
index31=0.000000
index32=1.000000
index33=1.000000
index34=0.500000
index35=1.000000
index37=1.000000
index38=1.000000
index39=0
index0=255
index46=0
index48=0
index49=1
index50=0
index51=0
index52=0
index53=8
index54=5
index55=0
index56=0
index57=0
index58=0
index60=0
index61=0
index62=0
index63=0
index64=0
[FACE_FEATURES]
index0=0.000000
index1=0.000000
index14=0.000000
index18=0.000000
index4=0.000000
index2=0.000000
index3=0.000000
index5=0.000000
index6=0.000000
index7=0.000000
index8=0.000000
index9=0.000000
index10=0.000000
index11=0.000000
index12=0.000000
index13=0.000000
index15=0.000000
index16=0.000000
index17=0.000000
index19=0.000000
[DECORATION_OVERLAYS]
index37=0
index12=0
index36=0
index29=0
index13=0
index15=0
index35=0
index51=0
index0=0
index46=0
index32=0
index17=0
index23=0
index47=0
index1=0
index44=0
index2=0
index45=0
index3=0
index42=0
index4=0
index43=0
index5=0
index40=0
index6=0
index41=0
index7=0
index8=0
index9=0
index10=0
index11=0
index14=0
index16=0
index18=0
index19=0
index20=0
index21=0
index22=0
index24=0
index25=0
index26=0
index27=0
index28=0
index30=0
index31=0
index33=0
index34=0
index38=0
index39=0
index48=0
index49=0
index50=0
